0068
0071
0072
0088
0090
0091(not chosen)
0100
0118
0124(not chosen)
0129
0135
0137
0138
0143
0149
0159
0161
0162
0163
0164
0165
0166
0167
0168
0169
0171
0173
0174
0175
0176
0178
0179
0180
0181
0182
0183
0184
0185
0188
0187
0188
0189
0190
0191
0192
0193
0194
0197
0198
0200
0202
0203
0205
0207
0210
0211
0212
0213
0214
0217
0220
0221
0222
0223
0224
0225
0226
0230
0231
0232
0233
0234
0235
0236
0237
0239
0242
0243
0244
0245
0246
0247
0248
0249
0250
0251
0252
0253
0254
0255
0256
0257
0258
0260
0261
0264
0265
0266
0267
0268
0270
0271
0272
0273
0274
0275
0276
0277
0278
0279
0280
0281
0282
0283
0285
0286
0287
0288
0289
0290
0314
0325
0332
0377
0385
0399
0405
0454
0470
0493
0510
0522
0543
0559
0562
0568
0576
0580
0610
0624
0766
0771
0772
0811
0818
0875
0893
0905
0921
0924